116590074
117500062
117500099
117500127
117500161
117500234
117500353
117520032
117520130
117520132
117520133
117520147
117520148
117520157
117520158
117520166
117520184
117520230
117520231
117520232
117520285
117520286
117520288
117520320
117520405
117520412
117520441
117520442
117520443
117520462
117520463
117520489
117545388
117552013
117552019
117552026
117554013
117554019
117554026
117559022
117559031
117559033
117559041
117559042
117559050
117559061
117560005
117560006
117560020
117560021
117580004
117580005
117590001
117590028
117590029
117590034
117590040
117590044
117590050
117590051
117590059
117590075
117590081
117590082
117590084
117590112
118500045
118500046
118500104
118500184
118500185
118500200
118500260
118500270
118500283
118500302
118520024
118520025
118520047
118520059
118520065
118520075
118520080
118520086
118520097
118520101
118520102
118520122
118520123
118520124
118520125
118520149
118520150
118520152
118520185
118520192
118520212
118520263
118520285
118520297
118520299
118520301
118520305
118520308
118520311
118520331
118520337
118520348
118520349
118520369
118520375
118552001
118552008
118554001
118554006
118554008
118556002
118559021
118559022
118559023
118559024
118559032
118559036
118560006
118570004
118580015
118580022
118580023
118581002
119500032
119500051
119500100
119500107
119500154
119500179
119500245
119500276
119500277
119500279
119500336
119520006
119520021
119520027
119520035
119520036
119520042
119520055
119520087
119520088
119520092
119520093
119520099
119520107
119520119
119520152
119520153
119520167
119520173
119520178
119520191
119520197
119520210
119520221
119520223
119520250
